Area_sqm,height,Water,Bareland,Vegetation,Built_up,total_pop,Category,public_roa,bank_acces,Road,atm_access,hospital_a,road_densi,Settlement,Department,super_stor,Storey,school_acc
4020.596,18.533288955688477,6.179841465894829,8.404886977484784,8.130794357058885,16.27210629374445,15,Commercial,5106.261191200825,25,39.809248153494345,12,0.0,0.01934794345132,62.68018018018018,0.0,0.0,2.0,22
851.682,14.73949909210205,5.856077386852534,8.3844782024657,8.219335396815085,15.716077764063144,36,Commercial,4509.415464587785,55,40.53973809009885,13,1.0,0.017482356621533,61.75538399024787,2.0,2.0,3.0,27
191.078,10.839035987854004,4.828484537017022,12.287870321674442,9.26982847280364,15.918281461811901,6,Residential,3206.749690403187,21,36.15701831076049,9,1.0,0.017331147593336,56.324143692564746,2.0,2.0,3.0,16
139.474,17.606225967407227,6.025103286304945,8.445620412878096,8.826631725032867,15.646199086824113,85,Mixeduse,4509.415464587785,50,39.934029272170946,15,2.0,0.016819836227165,61.249149081007495,2.0,2.0,4.0,20
102.568,12.533103942871094,6.240766071461601,8.733378488238438,9.442956407313686,15.394270142008947,10,Mixeduse,6097.583724778167,35,38.9444409702374,16,1.0,0.017701170859697,59.896099471980925,1.0,1.0,3.0,18
109.512,18.26074981689453,6.284632262594347,8.763436896612252,8.549736703528172,16.258934526944007,3,Mixeduse,3658.2927060454363,16,38.66176057574162,10,0.0,0.01896608671601,62.38938053097345,0.0,0.0,3.5,15
94.351,13.72074031829834,6.333138914013124,8.71650141024449,9.577044643184195,15.384159545002438,53,Mixeduse,6258.445748422586,33,38.62027089091949,15,1.0,0.017660598617927,59.65793056501021,0.0,0.0,2.5,12
140.102,11.474358558654785,6.337990073790079,8.740579291510201,9.740097861575764,15.240093484939996,1,Mixeduse,6661.679545567314,34,38.63475223864919,15,1.0,0.017960349741678,59.76835292113779,0.0,0.0,2.0,11
116.262,13.72074031829834,6.319102316148642,8.687881134721325,9.48474338711748,15.398745925151156,3,Mixeduse,6258.445748422586,34,38.634889685327316,15,1.0,0.018000074007766,60.066428206438424,0.0,0.0,3.0,13
122.316,15.639530181884766,6.127860024794201,8.646184363172809,9.171461316785633,15.582520841978956,43,Mixeduse,5238.158346920898,41,39.01469786647493,18,1.0,0.016702410945597,59.99493927125506,1.0,1.0,4.0,19
165.173,15.490167617797852,6.398239685767856,9.00549574709966,9.179555367100027,15.72089910736643,1,Mixeduse,4724.104383224111,30,38.242076361133144,14,0.0,0.019220118291023,59.18896321070234,1.0,1.0,2.0,13
268.0,15.490167617797852,6.397049828452764,9.142332981896006,9.133091001518572,15.808567376327995,5,Mixeduse,4724.104383224111,29,38.13426116245785,14,0.0,0.019067642609193,59.54051796157059,1.0,1.0,2.0,13
42.943,11.474358558654785,6.357881078039333,9.017093427978306,10.17340679841886,14.86832910407165,100,Mixeduse,5425.911770369302,34,38.05036515159067,13,1.0,0.017856336138363,57.88801906058543,0.0,0.0,7.0,10
93.693,17.864768981933594,6.164001672498404,8.328989238793161,8.44416276050263,16.29245835258907,10,Mixeduse,5031.958320206471,27,39.40090226887612,14,1.0,0.018757328220107,61.81680161943321,0.0,0.0,3.0,17
62.051,11.474358558654785,6.312748065279479,9.16692255230857,10.2399741004601,14.810646243123635,3,Mixeduse,6136.430894346566,36,37.95382337279901,15,1.0,0.018113390658111,58.24383538104648,0.0,0.0,3.0,10
125.952,19.689647674560547,6.32832805446529,8.531817017948152,8.432658480036759,16.27117246991396,3,Mixeduse,4287.742982636592,17,39.21819262782402,11,0.0,0.019648123254941,62.76990553306343,0.0,0.0,2.5,15
232.469,11.590533256530762,6.293310566069797,11.27239366233796,9.313939587939204,15.632764593440918,9,Mixeduse,4337.918077440443,27,35.90232386657559,12,1.0,0.017881879824768,54.803675856307436,1.0,1.0,2.5,13
384.439,11.590533256530762,6.360930636634538,9.953650722218303,9.438374162875421,15.698014863363444,12,Mixeduse,4724.104383224111,32,37.216148598223775,14,1.0,0.019383521436284,57.652464494569756,1.0,1.0,4.0,12
198.493,11.590533256530762,6.398358948640526,9.778761061946902,9.429793858595145,15.693406888097153,3,Mixeduse,4724.104383224111,31,37.304106459375966,14,1.0,0.019224453276361,57.58265856950068,1.0,1.0,2.0,12
103.26,15.125406265258789,6.148363341969025,8.668909379388953,9.233869358203284,15.645901791550104,6,Mixeduse,5238.158346920898,36,38.928984222057046,16,1.0,0.01783929201392,60.14676113360324,1.0,1.0,3.5,19
111.465,11.514603614807129,6.196620982885599,8.971086938229602,10.40590967565829,14.689652117239707,5,Mixeduse,6661.679545567314,38,37.92665750899828,16,1.0,0.018402768035082,57.88801906058543,0.0,0.0,2.0,11
112.697,11.514603614807129,6.235851418504872,8.756560593798609,10.239040897991357,14.931653760542183,2,Mixeduse,6469.13100725798,35,38.29353029374349,16,1.0,0.017773925953573,58.4070796460177,0.0,0.0,3.5,11
154.365,13.594757080078125,6.119467049687985,9.326437546611668,11.28998300167528,14.37701381042637,32,Commercial,6734.45040890915,36,37.775722954928796,13,1.0,0.016874434281358,56.07287449392713,0.0,0.0,4.5,12
138.32,13.594757080078125,6.133624440980046,8.615280311206767,10.742703198537379,14.576920865145837,34,Mixeduse,6635.810031493436,40,38.64509237110019,15,1.0,0.016732947456429,58.066712049012935,1.0,1.0,2.0,14
97.248,14.115069389343262,6.128820792150067,8.399100244299287,10.3043638890027,14.839840917959013,2,Mixeduse,6211.549868186955,42,38.870191846948686,13,1.0,0.015933803296717,58.755956432947585,1.0,1.0,3.0,15
35.614,16.02705955505371,6.398302151070209,8.37121716453548,8.923745919144471,15.55473006438831,5,Mixeduse,5948.604004171032,33,39.370176868139765,15,1.0,0.018746599073934,60.88151903084458,0.0,0.0,2.5,13
92.047,11.514603614807129,6.242832920225001,9.320219568812961,10.599121132157864,14.715419093611981,3,Mixeduse,6174.42998065306,38,37.85563794990566,16,1.0,0.017790712644469,57.73691897929375,0.0,0.0,2.0,11
398.413,11.933928489685059,6.247069393189896,11.295553624969939,9.995774642365832,14.736228768600565,6,Commercial,4934.789642059505,31,35.98515005814767,14,1.0,0.017601899731376,54.70807453416149,1.0,1.0,3.0,9
27.931,10.257425308227539,6.078899755631204,11.46522041923691,8.491665057034153,16.097603980783646,7,Mixeduse,4223.417398110796,22,36.20522194321925,11,1.0,0.018075715618156,55.98419108170805,1.0,1.0,4.0,13
120.472,10.257425308227539,6.052004123342701,11.536725616126851,8.610044501930373,16.011397508674104,14,Mixeduse,4431.8744290157965,24,36.165396047625165,11,1.0,0.01818865712253,55.786099865047234,2.0,2.0,5.0,13
74.744,13.72074031829834,6.286510731971892,8.76483853426007,9.452527297528745,15.601295205068244,32,Commercial,6097.583724778167,34,38.63289782687558,15,1.0,0.016917971625535,60.43474525302861,0.0,0.0,3.0,15
76.983,10.666950225830078,6.047636421962883,11.473722060355449,8.368074466941282,16.239338384986755,60,Mixeduse,3762.775012650187,25,36.409474758477735,11,1.0,0.017437381684742,56.92069765443767,1.0,1.0,3.0,12
271.475,10.391068458557129,5.123348208170827,12.260575364069629,8.813040834913334,16.167734819375255,90,Commercial,3608.9745796364814,21,36.06415164163897,8,2.0,0.018605705898695,55.88669950738916,2.0,2.0,2.0,14
198.133,10.391068458557129,5.272766079699679,12.228305003745549,9.196572394603573,16.20783187284886,33,Commercial,3619.7404855818727,21,35.83198320029183,8,2.0,0.018369102935911,55.735785953177256,2.0,2.0,1.0,12
94.264,9.921106338500977,6.069475337334844,11.38454973165094,8.505009765135169,16.21727485045284,74,Mixeduse,3939.349732758885,24,36.28314526162331,11,1.0,0.017128918369002,55.95479082321187,1.0,1.0,4.0,12
78.356,9.921106338500977,6.059593560306149,11.427702999912025,8.485325943520717,16.1628310020234,130,Mixeduse,4223.417398110796,24,36.28001231635436,11,1.0,0.017788931736317,56.723086175788296,1.0,1.0,3.0,13
135.645,10.391068458557129,5.427124365137213,12.173049439533333,8.840229338834114,16.065412739262623,34,Mixeduse,4152.368605024965,22,36.13773389906217,13,2.0,0.018295779438726,56.75629680054459,2.0,2.0,3.0,13
83.819,10.036026954650879,6.215974624334584,11.59471267772512,9.158897626962558,15.936492750612071,18,Mixeduse,3939.349732758885,22,35.41287047123829,11,1.0,0.0165607089084,55.216133424098025,1.0,1.0,4.0,10
84.447,10.036026954650879,6.21950115965574,11.77669400052886,9.214958661186515,15.915918532907849,2,Mixeduse,3939.349732758885,23,35.37989596724302,12,1.0,0.016175673471274,54.92682096664397,1.0,1.0,4.0,10
47.08,10.036026954650879,6.200209015211072,12.04456795110723,9.536491679150847,15.697995157690306,6,Mixeduse,4239.672261745313,23,35.02900657206022,12,1.0,0.016005150080235,54.334564825156804,1.0,1.0,2.0,9
61.781,10.036026954650879,6.215545786835155,11.908598286603675,9.301687382330766,15.770600658727254,4,Mixeduse,3939.349732758885,21,35.20283420267106,11,1.0,0.016202594941161,54.475833900612656,1.0,1.0,2.0,9
57.058,10.036026954650879,6.212022971798029,12.010214200503878,9.491166974967916,15.665446881425149,5,Mixeduse,4323.701231309667,22,35.048378222419046,12,1.0,0.016125541771295,54.54076810722571,1.0,1.0,4.0,9
36.275,10.036026954650879,6.235792081827327,11.560974541874543,9.08743077233554,15.986599521877434,4,Mixeduse,3939.349732758885,22,35.541223912580485,11,1.0,0.016597858649483,55.25388779104734,1.0,1.0,3.5,10
46.647,10.036026954650879,6.247804038577216,11.679111001340704,9.183100137611369,15.951968364876834,6,Mixeduse,3939.349732758885,21,35.46217103734362,11,1.0,0.016564940408967,54.77365554799183,1.0,1.0,4.5,10
224.457,11.590533256530762,6.299667587929661,11.229607491356063,9.223427550694378,15.707226416044309,10,Mixeduse,4265.54910376194,27,36.02097578311471,13,1.0,0.018127838705449,55.338345864661655,1.0,1.0,3.0,13
228.28,9.921106338500977,6.104448825884885,11.181685578960213,8.419601607822258,16.236833147538075,116,Mixeduse,3956.2876478533562,25,36.52629072243852,11,1.0,0.018059246504903,56.390977443609025,1.0,1.0,4.0,11
50.58,10.036026954650879,6.213089575901704,11.467153969197668,8.941222892248458,16.13327034143027,8,Mixeduse,3939.349732758885,23,35.74171196421494,11,1.0,0.016866660790525,55.13955071477196,1.0,1.0,4.0,10
90.991,9.921106338500977,6.176629261217767,11.213712916344873,8.879248557027482,16.06540467237525,10,Mixeduse,3939.349732758885,26,36.160326801798945,11,1.0,0.017270609981554,55.381241565452086,1.0,1.0,3.0,10
107.831,9.921106338500977,6.12996685031996,11.197599192021581,8.767170376139823,16.18715061954209,8,Mixeduse,3939.349732758885,24,36.314443774097136,11,1.0,0.018116573298853,56.38189244383934,1.0,1.0,2.5,11
65.24,10.036026954650879,6.24404761904762,11.403172248127738,9.071561042814752,16.098443902783664,16,Mixeduse,3939.349732758885,24,35.76513706372757,11,1.0,0.017073233738769,55.01012145748988,1.0,1.0,4.0,11
80.9,9.921106338500977,6.144575500269821,11.138476448497263,8.630319049349676,16.25142454378256,3,Mixeduse,3864.552815981194,23,36.4232023876389,11,1.0,0.017882346176831,57.16126815018472,1.0,1.0,2.5,11
80.65,10.036026954650879,6.238535625928346,11.389772413744002,9.053393516252351,16.07698908675529,7,Mixeduse,3939.349732758885,24,35.67164301109255,11,1.0,0.017060126100401,55.6501021102791,1.0,1.0,0.0,10
57.905,9.921106338500977,6.171913671913671,11.310222113793543,8.839011696154554,16.0276829026829,40,Mixeduse,3939.349732758885,25,36.196115660401375,11,1.0,0.017423205492362,56.1302517398402,1.0,1.0,4.5,11
123.601,9.921106338500977,6.123610241205698,11.352127613612373,8.758734972569608,16.054945090577128,3,Mixeduse,3939.349732758885,23,36.29047813390077,11,1.0,0.017396522099776,56.21170864533697,1.0,1.0,3.0,10
150.126,11.502562522888184,6.126142141932785,11.090695982187597,8.490128669342013,16.122560489405366,22,Mixeduse,3956.2876478533562,24,36.556968754221074,11,1.0,0.018052948371039,56.57894736842105,1.0,1.0,3.0,11
182.684,10.645880699157715,6.014201065079881,11.544242554302683,8.418912668450133,16.00765022654477,16,Commercial,4255.299708907099,26,36.43703833343056,11,1.0,0.018073852278715,55.98162071846282,2.0,2.0,3.0,14
35.811,10.645880699157715,5.942358495975805,11.665366909521392,8.414068503981742,15.989007059103807,15,Mixeduse,4255.299708907099,25,36.40556393551042,11,1.0,0.017942380097027,55.845813478556835,2.0,2.0,1.0,14
103.535,12.769708633422852,6.079140037107314,11.893649102420751,12.36411684064743,13.530390609778145,8,Mixeduse,4695.607812848424,35,34.84971888664013,11,0.0,0.016142568225405,51.31057732827644,0.0,0.0,5.0,8
114.101,13.72074031829834,6.237982195427768,8.794744260414491,9.425682301446766,15.462356917484401,8,Mixeduse,6097.583724778167,35,38.90784586365696,16,1.0,0.017085957175592,60.04084411164057,1.0,1.0,1.0,18
43.47,15.639530181884766,6.042129808461496,8.563580547558457,9.086424358245685,15.757257275395933,30,Mixeduse,5238.158346920898,43,38.88747853158233,19,1.0,0.016553335639445,60.01531654186522,1.0,1.0,3.5,19
30.567,15.639530181884766,6.139385443303745,8.698809737811217,9.29587699771426,15.479856418228803,3,Mixeduse,5238.158346920898,39,38.8919076097344,17,1.0,0.016531356492464,60.073889509408026,1.0,1.0,3.0,18
85.427,15.639530181884766,6.110943231809301,8.69652068194915,9.26755822288437,15.5006395030148,3,Mixeduse,5238.158346920898,39,38.85463955923484,18,1.0,0.016614666147767,59.60695006747638,1.0,1.0,3.5,18
165.323,15.962322235107422,6.051522835121633,8.348486671484629,9.01112683603979,15.486025681991963,103,Mixeduse,4631.110794221707,51,39.76068167259999,16,2.0,0.017044316533258,60.4757085020243,2.0,2.0,6.0,18
92.387,13.72074031829834,6.310037782991721,8.745404325193936,9.586978608886618,15.393184484202568,6,Mixeduse,6258.445748422586,34,38.712760355552014,15,1.0,0.017920249415496,59.69170499063192,0.0,0.0,2.0,14
73.984,16.04102325439453,6.022084800207161,8.56972865660047,9.07557222392018,15.71645244510288,5,Mixeduse,5238.158346920898,44,39.09006113527887,19,1.0,0.016634753038717,60.415248468345816,1.0,1.0,2.0,19
179.952,15.962322235107422,6.091512448397371,8.27876513575226,9.405349028569033,15.267564984809653,24,Mixeduse,5141.439231494291,48,39.69179057412347,16,1.0,0.016948670926627,60.55139550714772,1.0,1.0,4.0,18
102.234,15.639530181884766,6.066945864818036,8.607023314103209,9.183512855629527,15.727704247372381,7,Mixeduse,5238.158346920898,45,39.1997641621676,19,1.0,0.016642617003962,60.35568413886998,1.0,1.0,3.5,19
36.364,15.962322235107422,6.106896941284804,8.30646089549609,9.235180873384722,15.39801345865949,2,Mixeduse,4631.110794221707,47,39.550852232558704,15,1.0,0.016784124337783,60.0223386888908,1.0,1.0,2.5,19
60.021,15.639530181884766,6.089489119905948,8.639521917159627,9.239737247850707,15.604883887839568,3,Mixeduse,5238.158346920898,44,38.936569564325055,18,1.0,0.016363572900588,59.989788972089855,1.0,1.0,2.0,19
29.492,13.72074031829834,6.244415184227361,8.79663821203401,9.387877522878854,15.517245057715837,46,Commercial,6097.583724778167,35,38.687932317633205,16,1.0,0.017106116723882,59.89346163759773,1.0,1.0,3.0,16
28.483,15.639530181884766,6.068408218325205,8.580051769649225,9.144274492857864,15.763863519739132,4,Mixeduse,5238.158346920898,41,38.9279030875578,18,1.0,0.016732040633969,59.726004084411166,1.0,1.0,3.0,19
58.44,15.639530181884766,6.160643550349432,8.710830291712645,9.30884475002122,15.50018744871686,8,Mixeduse,5238.158346920898,39,38.87811942959002,17,1.0,0.016605102652401,59.79407760381211,1.0,1.0,5.5,18
77.862,15.639530181884766,6.117935589582767,8.65762629887573,9.253304210127036,15.604522745571941,6,Mixeduse,5238.158346920898,42,38.980822326350065,19,1.0,0.016562130441481,60.142954390742,1.0,1.0,2.0,19
20.433,15.639530181884766,6.183379974584568,8.738205924106609,9.357424398707114,15.422371740120184,4,Mixeduse,5238.158346920898,37,38.78834771742755,16,1.0,0.01701123723001,59.79895179998282,1.0,1.0,3.0,18
188.235,16.04102325439453,6.053624491471692,8.60906557387942,9.067978165237909,15.817534115504339,5,Mixeduse,5238.158346920898,44,39.31971650759912,19,1.0,0.016843962060605,60.01670843776107,1.0,1.0,3.0,19
46.099,11.514603614807129,6.242916102321497,9.38282070929794,10.66297629383125,14.679397532832878,10,Mixeduse,6136.430894346566,38,37.64511179984151,15,1.0,0.017616814936661,57.33310421857548,0.0,0.0,1.0,10
69.664,11.514603614807129,6.169867268634501,9.46356171676632,10.972711976184895,14.58345101550298,15,Mixeduse,6174.42998065306,37,37.376221893967426,15,1.0,0.017667707255917,56.35636487406399,0.0,0.0,4.0,10
61.981,13.594757080078125,6.082276453671534,9.312165820106937,11.026194071617896,14.542470546409426,60,Mixeduse,6261.9516227675485,36,37.26496087521252,14,1.0,0.017155868072802,56.26276378488768,0.0,0.0,7.0,12
201.244,13.594757080078125,6.099968821071696,9.631328545366733,11.451730430520836,14.392954276158237,52,Commercial,6734.45040890915,33,37.24437479805745,14,1.0,0.016476848076452,56.14878542510121,0.0,0.0,5.0,12
87.161,11.514603614807129,6.205380992122401,9.429274113651399,10.734068514960546,14.669087378080798,8,Mixeduse,6661.679545567314,38,37.65053832077961,16,1.0,0.018330899901334,56.97753573859769,0.0,0.0,2.0,11
30.653,13.594757080078125,6.123438719750196,9.056285927187567,10.956896245830672,14.577904336101058,20,Mixeduse,5701.22143091437,37,37.697014051522245,14,1.0,0.017687609690358,56.963656671535354,0.0,0.0,3.5,11
51.668,11.474358558654785,6.33469578389832,9.087850972954712,10.193273698530989,14.8366033091154,8,Mixeduse,6136.430894346566,35,38.10859685886862,13,1.0,0.018235214897088,58.26961079130509,0.0,0.0,4.0,10
100.34,11.514603614807129,6.193475689326008,9.466489461690648,10.841017911055083,14.641769226860058,28,Mixeduse,6174.42998065306,38,37.532652238341164,16,1.0,0.018252500490295,56.63716814159292,0.0,0.0,4.0,11
26.5,13.594757080078125,6.096685657424135,9.017101965845715,11.003063782312761,14.531404788252553,2,Mixeduse,5701.22143091437,38,37.616700424007334,16,1.0,0.01703598692588,57.57628294036061,0.0,0.0,2.0,11
74.87,14.115069389343262,6.148486275166449,8.520403445645611,10.593040229667317,14.79454367910162,33,Mixeduse,6211.549868186955,40,38.68879900232806,12,1.0,0.015864904501173,58.253914227365556,1.0,1.0,3.0,14
87.688,11.514603614807129,6.232063942350416,8.83037017289373,10.384487899267224,14.860972782239902,2,Mixeduse,6469.13100725798,38,38.366218907427374,16,1.0,0.018498900136397,58.2950093680804,0.0,0.0,2.0,12
124.534,13.594757080078125,6.102646132421472,9.658358332563417,11.469788023550384,14.177504930751015,73,Mixeduse,6831.296672091608,34,37.27148527758774,12,1.0,0.01663650804495,55.7351940095303,0.0,0.0,3.5,12
182.495,14.115069389343262,6.134071252617986,8.254495339171578,9.546513873967728,15.102342893728771,65,Mixeduse,5601.137634237416,44,39.6141376653536,17,1.0,0.017677654473246,59.14715719063545,1.0,1.0,5.0,16
59.529,13.594757080078125,6.120354919878162,9.64957400785768,11.391162318456717,14.527506290557543,24,Mixeduse,5602.007044907622,33,36.98872555511411,16,1.0,0.015990747695506,55.49932523616734,0.0,0.0,4.5,10
196.246,11.514603614807129,6.095611961417011,9.178998498783496,10.810406708884786,14.502493399823996,39,Mixeduse,6469.13100725798,37,37.56123928010629,16,1.0,0.018054195204499,56.00828157349896,0.0,0.0,3.0,12
44.548,11.474358558654785,6.352577556745144,8.739595197408907,9.837149392040537,15.212479635138301,9,Mixeduse,6174.42998065306,34,38.446411248223356,14,1.0,0.017802987330098,58.67086453369639,0.0,0.0,3.5,11
236.567,13.281171798706055,6.420031063993912,8.623124954394305,9.555783149694399,15.489318711712933,8,Commercial,5861.349454729686,33,38.992339980472075,14,1.0,0.017948648347798,59.676072800133575,0.0,0.0,3.0,12
97.775,11.474358558654785,6.349420419061977,8.677878765965286,9.716665936483187,15.282256383079238,13,Mixeduse,6174.42998065306,34,38.57793336257586,14,1.0,0.018192904640607,59.36808039516266,0.0,0.0,4.0,11
178.936,12.703147888183594,6.197955649366308,11.114312368230864,10.996909742991248,14.133924243642113,50,Mixeduse,5134.952155551621,36,35.961086979895754,11,0.0,0.017018883045851,52.89891395154554,1.0,1.0,4.0,8
114.245,11.474358558654785,6.344717049298781,8.8351123810775,9.946376763994264,15.064901851304452,5,Mixeduse,6136.430894346566,35,38.237952288676496,13,1.0,0.017790680824602,58.934649421375084,0.0,0.0,2.5,11
143.413,14.115069389343262,6.111927262321365,8.311997807135928,9.68121011435842,15.048486020578892,30,Mixeduse,5658.1042472189965,42,39.483782466905694,13,1.0,0.016745059162595,59.725033738191634,1.0,1.0,2.0,17
53.605,13.72074031829834,6.255834580102586,8.76250254559752,9.37310183131256,15.606895154558801,4,Mixeduse,6097.583724778167,33,38.4310578073873,15,1.0,0.018140093014146,59.896187882913544,0.0,0.0,3.5,15
81.549,13.72074031829834,6.269875221934827,8.7859785232794,9.45196846388247,15.700745305367484,35,Mixeduse,6097.583724778167,33,38.58861107833655,15,1.0,0.017830652037151,60.083390061266165,0.0,0.0,4.0,17
128.067,13.72074031829834,6.251599034115837,8.692730824687981,9.297537284790167,15.502282167641276,20,Mixeduse,6097.583724778167,35,38.42873753821228,15,1.0,0.018436105673621,59.97807017543859,0.0,0.0,3.0,15
89.546,13.594757080078125,6.107441466186271,8.907338722165498,10.760254048700702,14.62304889113314,30,Mixeduse,6066.4649821693765,38,37.841847997214586,15,1.0,0.017812860730738,56.739203778677464,0.0,0.0,2.0,12
85.432,14.115069389343262,6.120096762090209,8.52508108174604,10.456280880700215,14.824537432043789,30,Mixeduse,6066.4649821693765,40,38.47263167051682,17,1.0,0.017921299346099,57.92205582028591,1.0,1.0,4.0,13
72.342,11.514603614807129,6.224013574334938,8.640539459143623,10.172291942761413,14.966963896333743,27,Mixeduse,6469.13100725798,36,38.52680782958832,16,1.0,0.018236540188936,59.00850588538534,0.0,0.0,2.5,14
116.414,12.533103942871094,6.185729976714556,8.584403145731734,10.333324546373182,14.956979043100038,3,Mixeduse,6066.4649821693765,39,38.662940995562586,16,1.0,0.018140685857468,57.936909581646425,0.0,0.0,1.0,13
95.499,16.02705955505371,6.235925277675792,8.678016597487115,9.250149242855262,15.501427966849867,18,Mixeduse,5921.0090046694695,35,38.547940588731535,15,1.0,0.018253089801567,60.02867746288799,0.0,0.0,3.0,15
172.075,16.02705955505371,6.268759931217637,8.610192068360114,9.081803370224682,15.490928561904127,10,Mixeduse,6500.249749866771,33,38.794921397537614,15,1.0,0.018857406778307,59.96658312447786,0.0,0.0,3.0,15
157.952,16.02705955505371,6.238733256397548,8.656650421424807,9.009463451708202,15.899562026411507,96,Mixeduse,6045.58068096864,34,39.108116958736616,15,1.0,0.018492429554018,61.76119911429058,0.0,0.0,6.0,16
222.696,15.125406265258789,6.134250105352058,8.679235650270973,9.269475420304953,15.482088419580686,3,Mixeduse,5238.158346920898,38,38.89530471622439,17,1.0,0.01686274292576,60.07518796992481,1.0,1.0,2.0,19
71.767,13.72074031829834,6.288439895899275,8.626371597383415,9.213723007666879,15.554028627699235,9,Mixeduse,6500.249749866771,33,38.78378877400295,15,1.0,0.018468628569654,60.398569238630564,0.0,0.0,3.0,15
96.689,15.639530181884766,6.134640659717451,8.668288695031858,9.262437667622708,15.525098502581455,13,Mixeduse,5238.158346920898,39,38.94068732551044,19,1.0,0.016930016575438,60.28761061946902,1.0,1.0,2.0,19
261.685,14.115069389343262,6.110792245302798,8.405275778338646,10.54642385624431,14.624895947849845,64,Commercial,6635.810031493436,43,38.948685725157254,15,1.0,0.016492895573656,58.01169590643275,1.0,1.0,3.0,14
67.554,16.02705955505371,6.326873518084919,8.595072193647017,8.986604651687786,15.52160765343663,69,Mixeduse,6500.249749866771,31,39.01280558050154,15,1.0,0.018031932076885,59.88529014844804,0.0,0.0,2.5,12
73.925,15.162290573120117,7.219358208416236,8.81953013732293,9.411592694078404,12.471936041037457,6,Mixeduse,6678.794869891646,42,40.517671596410985,16,2.0,0.015280841203769,50.56276312397973,0.0,0.0,3.0,14
105.606,19.689647674560547,6.340736412328078,8.706505443185518,8.546366537838153,16.20331650044752,2,Mixeduse,3566.5578741732743,18,38.76733626631442,11,0.0,0.018694271863176,62.5,1.0,1.0,2.0,14
182.17,11.590533256530762,6.404266836895542,9.79010664742774,9.391698331505827,15.727082341518376,6,Mixeduse,4724.104383224111,30,37.263520930555124,14,1.0,0.019302901902921,57.20133667502088,1.0,1.0,4.0,13
96.806,11.590533256530762,6.321882282852124,11.154433655912072,9.569995909440026,15.460498872681013,2,Mixeduse,4934.789642059505,30,36.01566812684494,12,1.0,0.018466486563546,54.96085772634445,1.0,1.0,2.5,11
127.02,15.490167617797852,6.424594334248895,9.256426085478346,9.316545506823212,15.803346864150283,3,Mixeduse,4724.104383224111,30,37.94201238842515,14,0.0,0.019399149205711,59.04526889040164,1.0,1.0,3.0,13
90.995,11.590533256530762,6.309412840657938,11.348040992997754,9.627201743156078,15.435342946533224,8,Mixeduse,4934.789642059505,30,35.82648073119034,12,1.0,0.018414234545017,54.69255663430421,1.0,1.0,2.5,11
52.025,15.490167617797852,6.432586339802477,9.337388170601493,9.146696159609407,15.736629507646747,60,Mixeduse,4724.104383224111,27,37.854169005638575,14,0.0,0.019050952380358,58.63682777399591,1.0,1.0,3.0,13
98.077,19.689647674560547,6.391427962649092,8.809804446307146,8.687767033816996,16.038849631996325,7,Mixeduse,4395.532039575063,23,38.67482783065303,14,0.0,0.018656672785303,61.51293396868618,1.0,1.0,5.0,14
106.725,10.439485549926758,6.248667235196169,12.166896408889876,9.82418280600674,15.08116789533637,20,Mixeduse,4548.603336275838,28,35.073568617171425,12,1.0,0.016658069045595,53.27433628318584,1.0,1.0,3.0,12
67.657,15.490167617797852,6.421116996427881,8.97206485703761,9.076292829087295,15.755324659194997,3,Mixeduse,4724.104383224111,29,38.25022793253197,14,0.0,0.019067213878143,59.640912185159976,1.0,1.0,2.0,13
52.69,18.26074981689453,6.255010809647839,8.584057232351828,8.458396954594528,16.328207744654357,31,Mixeduse,4111.1682625278945,14,38.9615808020513,10,0.0,0.01965910167997,62.84278657809572,0.0,0.0,2.0,15
128.27,10.439485549926758,6.281515464944769,11.965377371597944,9.765566341588695,15.207330183131779,3,Mixeduse,4548.603336275838,29,35.42064593633823,12,1.0,0.017546624656228,54.075901974132066,1.0,1.0,3.0,12
116.045,15.871359825134277,6.313277722872352,9.13862980391276,8.605191229981358,16.194964525167897,2,Mixeduse,3882.3909117033736,17,38.304018398620876,13,0.0,0.01895088855072,60.83219877467665,1.0,1.0,2.5,15
210.056,15.490167617797852,6.387802020872374,9.24928004926403,9.347163183459102,15.679409677670458,2,Mixeduse,4724.104383224111,30,37.81022981039,14,0.0,0.019516832560256,59.0080971659919,1.0,1.0,2.0,13
88.31,18.26074981689453,6.256125320097373,8.615897203516944,8.540241816221076,16.267919305603858,2,Mixeduse,3723.5219873809237,14,38.80945731859393,10,0.0,0.01948155654916,62.38191632928475,0.0,0.0,2.0,15
96.799,18.26074981689453,6.259304314247642,8.710535024665553,8.59396843048154,16.316421769554402,7,Mixeduse,3658.2927060454363,14,38.72469217732471,10,0.0,0.019052421725538,62.027665317139004,0.0,0.0,2.5,15
151.463,16.02705955505371,6.355792662846604,8.59425470255787,9.457806253074196,15.398345854335965,12,Mixeduse,6258.445748422586,34,38.9329348613581,15,1.0,0.01790224184523,59.85998650472335,0.0,0.0,5.0,13
97.888,10.439485549926758,6.211412715647243,12.362293949264632,9.8844602375547,15.136353765669726,35,Commercial,4476.234362597335,25,34.790203884666425,12,1.0,0.015647065203442,53.38102537898144,1.0,1.0,4.0,13
103.188,10.439485549926758,6.192587934563102,12.409343611641097,9.900064940413516,15.1494456693655,10,Mixeduse,4759.912102353799,24,34.78604720333877,13,1.0,0.015634300335537,52.90148448043185,1.0,1.0,4.5,11
326.601,10.439485549926758,6.183884112945898,12.311298712900545,9.881881309226848,15.17891747582823,10,Mixeduse,4548.603336275838,27,34.85189422832443,12,1.0,0.015951009057848,53.28364389233955,1.0,1.0,4.5,13
48.316,11.6875,6.192563649136321,12.44565997520992,10.505923972019744,14.311243449151931,9,Mixeduse,4934.789642059505,30,35.022206819625545,12,1.0,0.017545610042881,52.33151803948264,1.0,1.0,5.0,9
47.638,10.406951904296875,6.170643762555527,12.508267195767194,10.13071011232776,15.1010101010101,6,Mixeduse,4759.912102353799,24,34.51586947910477,13,1.0,0.015734110966754,52.05922396187883,2.0,2.0,3.0,8
49.394,10.406951904296875,6.16406101345315,12.683204465378953,10.143780137665068,14.986523154144276,15,Mixeduse,4770.67800829919,24,34.44871725043343,13,1.0,0.015597656557101,51.906058543226685,2.0,2.0,4.5,7
108.222,10.406951904296875,6.165438647611306,12.314395917600478,10.04084294133033,15.316716993782686,4,Mixeduse,4834.709019131489,24,34.63182146150787,13,1.0,0.015930712249532,52.98672566371682,2.0,2.0,4.0,9
85.418,10.406951904296875,6.180647376267382,12.169945345441054,9.941291681451492,15.417532404806748,12,Mixeduse,4834.709019131489,23,34.75855387663615,13,1.0,0.016580240805097,53.293056501021105,1.0,1.0,4.5,9
82.571,17.606225967407227,5.935992290338831,8.387349146899709,8.788488074117879,15.401222156514882,100,Mixeduse,4417.277349360542,53,39.80163392250915,15,2.0,0.01679616287761,60.35762483130904,2.0,2.0,5.0,20
124.918,16.04102325439453,5.989062350953085,8.428542266727094,8.79426221574885,15.608147198417624,4,Mixeduse,4509.415464587785,46,39.40719069740407,14,1.0,0.01680938849246,60.408232118758434,2.0,2.0,0.0,20
357.077,17.606225967407227,6.013854641229088,8.458750328708694,8.918675747975774,15.524025335695907,25,Commercial,4847.519994969189,50,39.73705197521227,16,2.0,0.016729410017538,60.3312629399586,2.0,2.0,4.0,17
481.348,17.606225967407227,5.958385751206037,8.321514576598092,8.848269303882482,15.338775862711495,27,Commercial,4568.035283072197,52,39.94309081664222,16,2.0,0.016368323073029,60.36109303838647,2.0,2.0,4.0,18
68.959,16.04102325439453,5.973987585504145,8.42052317779827,8.601944954115519,15.593699021889273,88,Mixeduse,4509.415464587785,47,39.771755384644095,14,1.0,0.017697079176057,60.874744724302246,2.0,2.0,7.0,24
97.321,16.04102325439453,6.020569795228852,8.529998451815116,8.83287747889501,15.760320267144392,19,Mixeduse,4796.24371101252,43,39.276572873343376,19,1.0,0.017132954986484,60.84070796460177,1.0,1.0,4.0,20
109.859,16.04102325439453,5.976705975007144,8.400023348039113,8.617857068183243,15.591306514451391,33,Mixeduse,4509.415464587785,48,39.623295070427446,14,1.0,0.017320419299815,60.08354218880535,2.0,2.0,4.5,23
73.485,16.04102325439453,6.090181008158428,8.57439948195521,8.867257738241044,15.8355363315317,6,Mixeduse,5238.158346920898,42,39.401749461577694,19,1.0,0.016995295525543,60.62851303014819,1.0,1.0,3.5,19
83.895,16.04102325439453,6.035437538016262,8.567067508078594,8.893072083674069,15.829386097337474,8,Mixeduse,5238.158346920898,43,39.16932432063675,19,1.0,0.017382786837004,60.12989203778677,1.0,1.0,3.0,19
41.333,16.04102325439453,6.050759323546013,8.585940863707533,8.960501163738881,15.786347385256766,2,Mixeduse,5238.158346920898,43,39.16542473919523,19,1.0,0.017139469929808,60.02382573179034,1.0,1.0,3.0,19
46.016,15.639530181884766,6.103147449699085,8.607255595311198,9.110970822618523,15.813496317456673,4,Mixeduse,5238.158346920898,40,39.14276310028174,18,1.0,0.016803542086733,60.726866569292895,1.0,1.0,4.5,19
130.139,15.125406265258789,6.070939497417039,8.592408720777515,9.10830049908064,15.687820681201295,10,Mixeduse,5238.158346920898,40,39.088792575080994,18,1.0,0.017710827308852,60.59379217273953,1.0,1.0,3.5,19
109.875,16.04102325439453,5.998575128764265,8.474970239478296,8.77007721488337,15.676239066698857,27,Mixeduse,4509.415464587785,43,39.311561477882876,19,1.0,0.017231571326878,60.45883940620783,2.0,2.0,2.0,20
40.744,15.639530181884766,6.077244886691854,8.562001801512006,9.083025418219556,15.777485218476825,3,Mixeduse,5238.158346920898,41,39.09865994348351,19,1.0,0.017408085387323,60.56833791208791,1.0,1.0,3.0,19
222.965,16.04102325439453,5.985000926891558,8.422984632241533,8.593553391542812,15.585560721062947,96,Mixeduse,4900.053816539495,46,39.71385114294187,19,1.0,0.017196774598752,60.165631469979296,2.0,2.0,7.5,24
77.145,15.639530181884766,6.16974919907693,8.742740974294385,9.344023226064586,15.386625007396388,2,Mixeduse,5640.972114876201,37,38.82822383862633,16,1.0,0.017264962495366,59.286437246963565,1.0,1.0,2.0,18
47.042,15.639530181884766,6.087439808249884,8.58963302275033,9.191081623675888,15.681156332754256,4,Mixeduse,5238.158346920898,42,38.88583464772852,18,1.0,0.017026474793171,60.451928859867685,1.0,1.0,3.5,19
40.406,17.864768981933594,6.261827459979006,8.240845205458612,8.245223289354374,16.20034324177743,3,Mixeduse,5491.8456875785305,24,39.53365534803733,12,1.0,0.018656209386151,62.58269610791305,0.0,0.0,2.0,17
137.076,13.924687385559082,6.123505177861783,8.412953929581919,8.656143090852805,16.30323290770861,30,Mixeduse,4275.964852045778,26,39.04425051873859,12,1.0,0.017757588537449,61.96018893387314,0.0,0.0,32.5,18
150.396,13.924687385559082,6.137057010652957,8.509638020209058,8.623471342907257,16.381116137410558,13,Mixeduse,4275.964852045778,28,38.89620222165118,12,1.0,0.017748984094747,61.98996655518395,0.0,0.0,2.0,20
170.818,13.977145195007324,5.963306158017409,8.93389158501036,8.643672195140145,16.46500575915028,66,Commercial,3249.6615246872625,14,38.41181438183538,9,0.0,0.018444706651502,61.83792815371763,0.0,0.0,4.0,16
184.415,13.763933181762695,6.181282823925598,9.26219268011647,8.37536233985145,16.401248104582017,2,Mixeduse,3689.1714023647114,20,38.19939480314087,13,0.0,0.018361389335755,59.50710108604845,1.0,1.0,2.5,17
52.983,13.763933181762695,6.202160053749723,9.367557874978921,8.462985705292953,16.274282505648223,36,Mixeduse,3689.1714023647114,20,38.10614334260063,13,0.0,0.018477667162666,59.070796460176986,1.0,1.0,6.0,17
310.055,11.502562522888184,6.260220807762927,10.06888565050897,8.698784028999047,16.1728319058392,125,Mixeduse,3956.2876478533562,21,37.43396323888696,13,0.0,0.018768428740878,58.051839464882946,1.0,1.0,2.0,18
128.519,13.763933181762695,6.167199578570816,9.047391531863582,8.400958016342631,16.40537357211987,2,Mixeduse,3689.1714023647114,16,38.437631806002564,13,0.0,0.018720950214346,60.88325391422737,1.0,1.0,1.0,17
104.279,13.977145195007324,6.132973223819727,9.022212947525457,8.422842009588777,16.427383294431404,6,Mixeduse,3689.1714023647114,16,38.5106274826921,12,0.0,0.01884672460737,60.92579986385296,1.0,1.0,1.0,17
129.452,15.871359825134277,6.330142811071539,9.734323733138899,8.721719972517457,16.123813413163575,57,Mixeduse,3956.2876478533562,20,37.67925874253344,13,0.0,0.018829885754528,57.62740183792815,1.0,1.0,2.5,16
182.604,18.26074981689453,6.012063487775554,8.951265857527757,8.708841079860864,16.42975724966886,32,Mixeduse,2846.3689300777833,14,38.45067025052552,9,0.0,0.018731893383719,61.71261487050961,0.0,0.0,1.5,15
46.878,13.977145195007324,6.011260565630142,9.016682876665655,8.67816676858759,16.54894283962013,24,Residential,2620.2112480961064,14,38.33406639698184,9,0.0,0.018304473648403,61.453369639210344,0.0,0.0,4.0,15
177.043,13.763933181762695,6.151630150729932,9.538192409249616,8.41448002088535,16.327666304567902,26,Residential,3689.1714023647114,19,38.195173384502674,12,0.0,0.018712344496545,59.39317319848293,1.0,1.0,4.0,20
79.385,10.036026954650879,6.217624770597245,12.024006299014559,9.502731932354092,15.59528620699527,6,Mixeduse,4248.904314531976,22,35.07646934121869,11,1.0,0.016249664768958,54.10993873383254,1.0,1.0,3.0,9
359.438,11.590533256530762,6.332532972664475,10.822843374144973,9.548530730303781,15.625876977473393,25,Mixeduse,4934.789642059505,32,36.569264124086295,14,1.0,0.018537958180242,55.66114359974009,1.0,1.0,1.0,10
48.975,11.991631507873535,5.988275375456936,14.689264988528802,12.4550694106982,12.742596955203622,50,Mixeduse,4743.791622614177,33,32.515196504647356,9,1.0,0.014986597668672,48.07114013231377,1.0,1.0,0.0,7
167.518,11.152532577514648,6.347412691624535,10.285452670740314,10.037360717199835,14.732514930731377,6,Mixeduse,5718.437956973471,36,37.3873472054236,13,0.0,0.018243092150916,56.875425459496256,1.0,1.0,3.0,8
62.945,10.622363090515137,4.628000642562819,12.158117255750032,9.617381289070396,16.024772450594185,7,Residential,2912.169804709679,14,35.88635928164574,13,1.0,0.017106618431014,56.30904183535762,3.0,3.0,2.0,18
48.545,16.04102325439453,5.945753344762625,8.3334598416657,8.563478468399513,15.583013943924918,24,Mixeduse,4509.415464587785,50,39.899710078206866,14,2.0,0.017634422641865,60.78180889115994,2.0,2.0,2.5,23
78.431,15.962322235107422,6.04956840258604,8.300889085558104,8.973792337648984,15.455663623682822,55,Mixeduse,4646.923963089587,50,39.917438905901484,16,2.0,0.016675219074406,61.190823953947934,2.0,2.0,2.5,18
33.846,11.474358558654785,6.348846578244889,8.764372920398374,9.902802715036936,15.125236158903412,3,Mixeduse,6174.42998065306,35,38.440381378421954,15,1.0,0.018315162632844,59.077240312741644,0.0,0.0,2.0,11
193.266,11.590533256530762,6.307251406363144,10.83625647799317,9.332567673654522,15.714481282874559,25,Mixeduse,4337.918077440443,28,36.41361648895886,14,1.0,0.018454064946214,55.271883289124666,1.0,1.0,2.0,13
376.058,15.125406265258789,6.181493245875998,8.74196437545522,9.339455828676147,15.646741278017121,10,Mixeduse,5238.158346920898,39,39.15863620529893,17,1.0,0.017228506818947,61.16220735785953,1.0,1.0,4.0,19
52.608,16.02705955505371,6.355177753808642,8.536342425217585,9.001056643777295,15.58807775601423,14,Mixeduse,6222.155401077338,34,39.23009474540058,15,1.0,0.018442918329602,60.43226684819605,0.0,0.0,2.0,13
100.393,15.125406265258789,6.189207063210453,8.765737040337108,9.398541127312626,15.539638073056548,17,Mixeduse,5640.972114876201,36,38.805166647906525,16,1.0,0.017382336766822,59.848293299620735,1.0,1.0,1.0,18
75.902,15.639530181884766,6.068082727810555,8.612928394592501,9.176962345449805,15.749510994517141,4,Mixeduse,5238.158346920898,45,39.19501146726594,19,1.0,0.016592686410809,60.15146358066712,1.0,1.0,3.5,18
72.774,15.125406265258789,6.189615911342468,8.751187286465644,9.320591692415604,15.491047241475774,8,Mixeduse,5238.158346920898,36,38.85483727384322,17,1.0,0.017128114883665,60.12593601089177,1.0,1.0,2.5,19
98.158,16.70464324951172,6.08977491667487,8.758684095799287,10.84145196675433,14.195341175974235,100,Mixeduse,6998.292038290507,45,38.65388604497447,17,1.0,0.016178294401231,56.0500340367597,1.0,1.0,3.0,14
110.209,15.490167617797852,6.406602653494402,9.51063595938552,9.355905957201342,15.700579856852434,2,Mixeduse,4724.104383224111,29,37.45342873704195,14,0.0,0.019376863667012,58.4496255956433,1.0,1.0,2.5,13
76.071,10.036026954650879,6.202474724675102,11.46164261133589,8.961375408012444,16.08571038816205,5,Mixeduse,3939.349732758885,22,35.66277499089399,11,1.0,0.017046849081526,54.86673414304993,1.0,1.0,4.0,10
134.431,16.04102325439453,5.948525389898034,8.340070252743272,8.497543481903435,15.604902977502672,74,Mixeduse,4509.415464587785,51,39.84738065359425,14,1.0,0.017728922743519,61.30229419703104,2.0,2.0,2.0,24
29.001,14.73949909210205,5.920927313735288,8.412661358110933,8.460983358023947,15.665150908611594,50,Mixeduse,4509.415464587785,48,39.971755950822335,13,1.0,0.017654841897726,60.65350578624915,2.0,2.0,4.0,24
66.348,16.04102325439453,6.02551626174755,8.49726103291445,8.724067160959267,15.74767831462918,5,Mixeduse,4900.053816539495,42,39.49747095053587,19,1.0,0.017307711390969,60.15519568151147,1.0,1.0,5.0,20
19.088,16.04102325439453,6.05559832440969,8.568040947805246,8.967939369923608,15.739608391471549,2,Mixeduse,5238.158346920898,42,39.08723111769915,19,1.0,0.017202624576234,60.348827218833236,1.0,1.0,3.0,19
35.604,16.04102325439453,6.01643072056508,8.481481691442307,8.773928251032101,15.66772522353348,6,Mixeduse,4509.415464587785,43,39.515840441950736,14,1.0,0.017598191089244,60.95884526162041,2.0,2.0,4.0,21
79.124,17.606225967407227,6.01642473827747,8.52220462743028,8.914955573150348,15.755889856602446,10,Mixeduse,4847.519994969189,45,39.23085246766957,14,1.0,0.017022367308814,60.44077603812117,2.0,2.0,2.5,19
58.181,17.606225967407227,6.009346833943257,8.495402487131805,8.886601915747239,15.698635746131162,7,Mixeduse,4847.519994969189,47,39.328910695404204,14,1.0,0.017272690145297,60.29611980939414,2.0,2.0,5.0,18
34.128,16.04102325439453,6.020098864011922,8.550310511677525,8.997395937165798,15.765992303882348,10,Mixeduse,4847.519994969189,44,39.116248944508385,19,1.0,0.017044452182051,60.615173124838904,1.0,1.0,5.0,19
30.413,14.115069389343262,6.134577278497116,8.353701700495094,10.07390181392777,14.843937677416235,99,Mixeduse,6258.926878517709,46,39.11166259891599,13,1.0,0.016775521058661,58.46664397549354,1.0,1.0,6.0,15
131.194,17.606225967407227,5.912337793041412,8.328280994924873,8.686314507979166,15.43613161737759,70,Mixeduse,4417.277349360542,51,39.71667226559463,15,2.0,0.016589554653307,60.95647773279352,2.0,2.0,5.0,21
28.391,17.606225967407227,5.999553395930883,8.429326953071774,8.910676783165536,15.397729937682803,80,Mixeduse,4513.577878297761,50,39.86424589105121,15,2.0,0.016773691097391,60.63235673167798,2.0,2.0,5.0,17
85.721,12.27865982055664,6.251528931603684,11.209186313144876,10.55298468537751,14.160208834483138,16,Mixeduse,5675.877101171327,35,36.2102583226601,12,1.0,0.017299047324227,53.590878148400265,1.0,1.0,4.0,8
59.962,19.689647674560547,6.239257798696801,8.51468748674893,8.223411284965158,16.389736957412826,35,Mixeduse,3918.6197242185617,16,39.16658716024255,10,0.0,0.019517413071379,63.38173382593006,0.0,0.0,3.0,16
53.633,19.689647674560547,6.340998810224644,8.52486418351887,8.506407638605292,16.148150898165483,28,Mixeduse,3658.2927060454363,15,39.08200787408535,10,0.0,0.019363415091759,62.69571136827774,0.0,0.0,2.0,14
86.687,19.689647674560547,6.358504674345533,8.487997235861528,8.41815413453197,16.240414184031465,100,Mixeduse,3918.1446375799815,21,39.070021319228054,11,0.0,0.018220976771587,62.806330837304294,0.0,0.0,6.0,14
353.248,18.073843002319336,6.420033598820416,8.357628883244962,8.527910674790698,15.828765148389035,6,Commercial,5150.449822019297,28,39.763228456439805,13,0.0,0.019262061552015,62.11538461538461,0.0,0.0,4.0,15
170.985,18.073843002319336,6.394073366994063,8.343451090066177,8.599229724713284,15.775772019727533,18,Commercial,4908.645820575112,28,39.43779463605382,14,0.0,0.019029615928331,61.38663967611336,0.0,0.0,4.0,13
37.258,11.514603614807129,6.134051656961505,9.316831016845892,10.947590357178278,14.531486873237839,5,Mixeduse,6661.679545567314,37,37.427910840027764,16,1.0,0.017877544589486,56.5856173210757,0.0,0.0,4.0,11
82.525,15.639530181884766,6.039031650439821,8.598171367317569,9.206194547723248,15.661069916818949,35,Mixeduse,5238.158346920898,43,38.91541782547594,18,1.0,0.01602126145694,59.64068825910931,1.0,1.0,1.0,19
28.6,9.921106338500977,6.19861930813174,11.303832239784683,8.895757728378094,16.04270014928033,10,Mixeduse,3939.349732758885,23,36.111878794475096,11,1.0,0.01731241303707,55.13955071477196,1.0,1.0,4.0,11
57.455,10.839035987854004,4.793384071606185,12.292802503274684,9.249484965907486,15.916198075736334,8,Residential,2939.1932240219103,18,36.15654849468599,8,1.0,0.017196488301776,56.20782726045884,2.0,2.0,3.0,17
370.344,10.645880699157715,5.418075336084121,12.102987080458389,8.914638282890303,15.912401300112064,16,Commercial,4192.413143187539,25,36.18306333537997,11,2.0,0.017624364174129,56.20703933747412,2.0,2.0,1.0,13
494.129,10.645880699157715,5.955233625648358,11.654853551763198,8.786987761585177,15.88405896694644,7,Commercial,4732.196958002225,24,36.1154389058594,12,2.0,0.01781773964627,55.58654634946678,2.0,2.0,1.0,12
86.025,11.502562522888184,6.161247478435902,10.975485458651436,8.47904270822168,16.08525890864934,49,Mixeduse,3956.2876478533562,23,36.722762239596264,11,0.0,0.018114979749319,56.2753036437247,1.0,1.0,3.0,11
45.862,10.622363090515137,4.626656733058522,12.02067443253998,9.735148313600153,15.999576397258686,33,Residential,2912.169804709679,18,36.04099356253002,14,1.0,0.016902136679389,56.70524166099388,3.0,3.0,3.0,18
128.67,13.763933181762695,6.248164583737672,9.780745885117275,8.573714787840345,16.25584023975818,3,Mixeduse,3956.2876478533562,19,37.75389230973955,13,0.0,0.01874766587618,57.98751686909581,1.0,1.0,2.0,18
